[array([[-0.12765428],
       [ 0.110768  ],
       [ 0.47793512]]), array([[-0.13540443],
       [ 0.07323602],
       [ 0.56420776]]), array([[-0.08758176],
       [ 0.1292211 ],
       [ 0.57923583]]), array([[ 0.02940827],
       [-0.16168075],
       [-0.86437333]]), array([[0.02497224],
       [0.04750849],
       [0.69467403]]), array([[-0.15317747],
       [ 0.10875692],
       [ 0.58686242]]), array([[-0.13387236],
       [ 0.13777188],
       [ 0.71377668]]), array([[-0.1000319 ],
       [-0.01725228],
       [ 0.6674567 ]]), array([[ 0.07672407],
       [-0.14308552],
       [-1.22039074]]), array([[-0.08755201],
       [ 0.1289727 ],
       [ 0.57907894]]), array([[-0.04707948],
       [ 0.04876064],
       [-0.87754707]]), array([[-0.08550858],
       [ 0.09391157],
       [-0.03081297]]), array([[-0.19072403],
       [ 0.06279423],
       [-0.34999142]]), array([[-0.10877127],
       [-0.12179614],
       [ 1.48399065]]), array([[-0.13394005],
       [ 0.12717449],
       [ 0.63900639]]), array([[-0.14922679],
       [ 0.06614908],
       [-0.23965371]]), array([[-0.11706568],
       [-0.05284538],
       [ 1.16071645]]), array([[-0.0977367 ],
       [ 0.01131304],
       [-0.48687103]]), array([[-0.05680853],
       [ 0.06033748],
       [-1.13042644]]), array([[ 0.10077951],
       [-0.07365152],
       [-1.43147774]]), array([[ 0.09544748],
       [-0.07055953],
       [-1.43683624]]), array([[ 0.01622778],
       [-0.11878051],
       [-0.74731219]]), array([[ 0.0416446 ],
       [-0.15223133],
       [-0.91548885]]), array([[ 0.05717514],
       [-0.17240045],
       [-0.84640609]]), array([[ 0.0816822 ],
       [-0.14931948],
       [-1.2632936 ]]), array([[ 0.05989684],
       [-0.14882054],
       [-1.04262806]]), array([[ 0.03386222],
       [-0.15875577],
       [-0.92277994]]), array([[ 0.01399294],
       [-0.12362156],
       [-1.16549718]]), array([[-0.01638593],
       [-0.14856125],
       [ 0.16540381]]), array([[ 0.03465507],
       [-0.07666999],
       [ 0.05981973]]), array([[-0.0717172 ],
       [-0.08380856],
       [-0.92621946]]), array([[0.05274671],
       [0.05872893],
       [1.41829505]]), array([[-0.02425879],
       [-0.06969005],
       [ 1.60268587]])]