[array([[-24.86278692],
       [-17.14445377],
       [ 33.89318471]]), array([[ -7.35967708],
       [-10.68808072],
       [ 31.19252838]]), array([[-15.49762162],
       [ -9.06127164],
       [ 31.69465135]]), array([[21.74695811],
       [15.63864971],
       [32.48893533]]), array([[-6.56318358],
       [ 2.80702202],
       [29.61916998]]), array([[-22.73775459],
       [-22.82463213],
       [ 34.64756805]]), array([[-15.51127862],
       [-15.93697457],
       [ 32.87228355]]), array([[-0.68717895],
       [-5.27889855],
       [30.13624574]]), array([[15.69869381],
       [16.22586547],
       [31.64141495]]), array([[-15.49834404],
       [ -9.0575538 ],
       [ 31.69242305]]), array([[-24.22320795],
       [ 11.78767488],
       [ 31.37840998]]), array([[-25.50470903],
       [ -2.607049  ],
       [ 32.23918168]]), array([[-31.84575479],
       [-21.2058136 ],
       [ 35.16579092]]), array([[17.96831667],
       [10.59771641],
       [32.05688066]]), array([[-20.48817972],
       [-18.21236094],
       [ 33.69953259]]), array([[-28.20015843],
       [-12.39064668],
       [ 33.50783378]]), array([[ 6.40160884],
       [-1.01570045],
       [30.28298067]]), array([[-9.36117685],
       [-2.69973274],
       [30.1007535 ]]), array([[-20.25203077],
       [ 10.1105604 ],
       [ 31.0098108 ]]), array([[ 3.76000454],
       [14.86962435],
       [30.25235853]]), array([[ 2.92365472],
       [14.21952399],
       [30.14050128]]), array([[ 1.63170939],
       [ 3.31654621],
       [29.49136346]]), array([[ 4.86989934],
       [ 4.80769492],
       [29.71954905]]), array([[12.95727269],
       [ 9.58588902],
       [31.02541098]]), array([[ 6.58247802],
       [ 7.79129709],
       [29.92339326]]), array([[16.41812144],
       [15.27192133],
       [31.74243636]]), array([[20.29437938],
       [15.2872937 ],
       [32.27830165]]), array([[-0.327211  ],
       [ 2.9273885 ],
       [29.26522237]]), array([[15.21385369],
       [10.16785205],
       [31.68396768]]), array([[ 1.8276179 ],
       [ 7.86097825],
       [29.84683273]]), array([[-4.2494746 ],
       [-2.03290044],
       [29.67834274]]), array([[-8.51496234],
       [ 8.9282697 ],
       [30.09208743]]), array([[ 5.64865855],
       [ 9.66375578],
       [30.28672506]])]